	1	2	3	4	5	6	7	8	9	10	11	12	13	14	15	16	17	18	19	20	21	22	23	24	25	26	27	28	29
1	0	2	4.2	1.8	3.7	5.8	4.1	6.4	8.5	8.4	7.5	11.5	12.4	13.6	14.8	18.4	16.2	13.6	11.2	15.8	7.1	9.4	9.2	10.6	13.6	11.4	11.7	12.9	15
2	2	0	2.2	3.6	1.7	3.8	5.9	4.4	6.5	6.4	5.5	9.5	10.4	11.6	12.8	16.4	16.2	15.4	13	13.8	8.9	9.9	7.2	8.6	11.6	9.4	11.6	10.9	13
3	4.2	2.2	0	5.6	3.7	1.6	7.9	6.4	4.3	4.2	3.3	7.3	8.2	9.4	10.6	14.9	18.2	17.4	15	11.6	10.9	11.9	9.2	6.4	10.1	11.4	13.6	12.9	11.5
4	1.8	3.6	5.6	0	1.9	4	2.3	4.6	6.7	6.6	8.5	12.4	10.6	11.8	13	16.6	14.4	11.8	9.4	14	5.3	7.6	7.4	8.8	11.8	9.6	9.9	11.1	13.2
5	3.7	1.7	3.7	1.9	0	2.1	4.2	2.7	4.8	4.7	6.6	10.5	8.7	9.9	11.1	14.7	14.5	13.7	11.3	12.1	7.2	8.2	5.5	6.9	9.9	7.7	9.9	9.2	11.3
6	5.8	3.8	1.6	4	2.1	0	6.3	4.8	2.7	2.6	4.5	8.4	6.6	7.8	9	13.3	16.6	15.8	13.4	10	9.3	10.3	7.6	4.8	8.5	9.8	12	11.3	9.9
7	4.1	5.9	7.9	2.3	4.2	6.3	0	2.8	5.6	7.8	9.7	13.6	11.8	10.7	11.9	14.8	12.1	9.5	7.1	12.8	3	5.3	5.6	7.7	10	7.8	7.6	9.3	11.4
8	6.4	4.4	6.4	4.6	2.7	4.8	2.8	0	2.8	5	6.9	10.8	9	7.9	9.1	12	11.8	11.7	9.9	10	5.8	5.5	2.8	4.9	7.2	5	7.2	6.5	8.6
9	8.5	6.5	4.3	6.7	4.8	2.7	5.6	2.8	0	2.2	4.1	8	6.2	5.1	6.3	10.6	14.6	14.5	12.7	7.3	8.6	8.3	5.6	2.1	5.8	7.8	10	9.3	7.2
10	8.4	6.4	4.2	6.6	4.7	2.6	7.8	5	2.2	0	1.9	5.8	4	7.3	8.5	12.8	16.8	16.7	14.9	9.5	10.8	10.5	7.8	4.3	8	10	12.2	11.5	9.4
11	7.5	5.5	3.3	8.5	6.6	4.5	9.7	6.9	4.1	1.9	0	4	5.8	9.2	10.4	14.7	18.7	18.6	16.8	11.4	12.7	12.4	9.7	6.2	9.9	11.9	14.1	13.4	11.3
12	11.5	9.5	7.3	12.4	10.5	8.4	13.6	10.8	8	5.8	4	0	1.8	5.4	6.6	12.4	19.3	19.3	20.7	7.6	16.6	14.7	12	8.4	10.4	12.6	14.8	14	11.8
13	12.4	10.4	8.2	10.6	8.7	6.6	11.8	9	6.2	4	5.8	1.8	0	3.6	4.8	10.6	17.5	17.5	18.9	5.8	14.8	12.9	10.2	6.6	8.6	10.8	13	12.2	10
14	13.6	11.6	9.4	11.8	9.9	7.8	10.7	7.9	5.1	7.3	9.2	5.4	3.6	0	1.2	7	13.9	13.9	15.7	2.2	11.6	9.3	6.6	3	5	7.2	9.4	8.6	6.4
15	14.8	12.8	10.6	13	11.1	9	11.9	9.1	6.3	8.5	10.4	6.6	4.8	1.2	0	5.8	15	15.1	16.9	3.4	12.8	10.5	7.8	4.2	6.2	8.4	10.6	9.8	7.6
16	18.4	16.4	14.9	16.6	14.7	13.3	14.8	12	10.6	12.8	14.7	12.4	10.6	7	5.8	0	9.2	11.8	14.2	7.6	12	9.7	9.2	8.5	4.8	7	7.4	5.6	3.4
17	16.2	16.2	18.2	14.4	14.5	16.6	12.1	11.8	14.6	16.8	18.7	19.3	17.5	13.9	15	9.2	0	2.6	5	11.7	9.1	9.4	9	12.6	8.9	6.8	7.1	5.3	7.5
18	13.6	15.4	17.4	11	13.7	15.8	9.5	11.7	14.5	16.7	18.6	19.3	17.5	13.9	15.1	11.8	2.6	0	2.4	11.7	6.5	6.8	8.9	12.5	8.9	6.7	4.5	6.3	8.5
19	11.2	13	15	9.4	11.3	13.4	7.1	9.9	12.7	14.9	16.8	20.7	18.9	15.7	16.9	14.2	5	2.4	0	14.1	4.1	6.4	9.1	12.7	11.3	9.1	6.9	8.7	10.9
20	15.8	13.8	11.6	14	12.1	10	12.8	10	7.3	9.5	11.4	7.6	5.8	2.2	3.4	7.6	11.7	11.7	14.1	0	11.8	9.5	7.2	5.2	2.8	5	7.2	6.4	4.2
21	7.1	8.9	10.9	5.3	7.2	9.3	3	5.8	8.6	10.8	12.7	16.6	14.8	11.6	12.8	12	9.1	6.5	4.1	11.8	0	2.3	5	8.6	9	6.8	4.6	6.4	8.6
22	9.4	9.9	11.9	7.6	8.2	10.3	5.3	5.5	8.3	10.5	12.4	14.7	12.9	9.3	10.5	9.7	9.4	6.8	6.4	9.5	2.3	0	2.7	6.3	6.7	4.5	2.3	4.1	6.3
23	9.2	7.2	9.2	7.4	5.5	7.6	5.6	2.8	5.6	7.8	9.7	12	10.2	6.6	7.8	9.2	9	8.9	9.1	7.2	5	2.7	0	3.6	4.4	2.2	4.4	3.7	5.8
24	10.6	8.6	6.4	8.8	6.9	4.8	7.7	4.9	2.1	4.3	6.2	8.4	6.6	3	4.2	8.5	12.6	12.5	12.7	5.2	8.6	6.3	3.6	0	3.7	5.8	8	7.3	5.1
25	13.6	11.6	10.1	11.8	9.9	8.5	10	7.2	5.8	8	9.9	10.4	8.6	5	6.2	4.8	8.9	8.9	11.3	2.8	9	6.7	4.4	3.7	0	2.2	4.4	3.6	1.4
26	11.4	9.4	11.4	9.6	7.7	9.8	7.8	5	7.8	10	11.9	12.6	10.8	7.2	8.4	7	6.8	6.7	9.1	5	6.8	4.5	2.2	5.8	2.2	0	2.2	1.5	3.6
27	11.7	11.6	13.6	9.9	9.9	12	7.6	7.2	10	12.2	14.1	14.8	13	9.4	10.6	7.4	7.1	4.5	6.9	7.2	4.6	2.3	4.4	8	4.4	2.2	0	1.8	4
28	12.9	10.9	12.9	11.1	9.2	11.3	9.3	6.5	9.3	11.5	13.4	14	12.2	8.6	9.8	5.6	5.3	6.3	8.7	6.4	6.4	4.1	3.7	7.3	3.6	1.5	1.8	0	2.2
29	15	13	11.5	13.2	11.3	9.9	11.4	8.6	7.2	9.4	11.3	11.8	10	6.4	7.6	3.4	7.5	8.5	10.9	4.2	8.6	6.3	5.8	5.1	1.4	3.6	4	2.2	0
